#LOCUS	#ALLELE	#FREQ	#MUTATION_RATE
CSF1PO	7	0.0024	0.002021
CSF1PO	8	0.0029	0.002021
CSF1PO	9	0.0487	0.002021
CSF1PO	10	0.2337	0.002021
CSF1PO	11	0.2454	0.002021
CSF1PO	12	0.3817	0.002021
CSF1PO	13	0.0725	0.002021
CSF1PO	14	0.0107	0.002021
CSF1PO	15	0.0015	0.002021
CSF1PO	17	0.0005	0.002021
D12S391	18	0.2327	0.003
D12S391	19	0.2084	0.003
D12S391	20	0.1826	0.003
D12S391	17	0.1037	0.003
D12S391	21	0.0964	0.003
D12S391	22	0.0862	0.003
D12S391	23	0.0355	0.003
D12S391	15	0.0156	0.003
D12S391	24	0.0156	0.003
D12S391	25	0.0097	0.003
D12S391	16	0.0093	0.003
D12S391	26	0.0029	0.003
D12S391	17.3	0.001	0.003
D12S391	18.3	0.0005	0.003
D13S317	7	0.0015	0.001743
D13S317	8	0.2653	0.001743
D13S317	9	0.1353	0.001743
D13S317	10	0.1378	0.001743
D13S317	11	0.2483	0.001743
D13S317	12	0.166	0.001743
D13S317	13	0.036	0.001743
D13S317	14	0.0097	0.001743
D16S539	9	0.3023	0.001127
D16S539	11	0.2425	0.001127
D16S539	12	0.2176	0.001127
D16S539	10	0.1086	0.001127
D16S539	13	0.1022	0.001127
D16S539	14	0.0156	0.001127
D16S539	8	0.0088	0.001127
D16S539	15	0.0015	0.001127
D16S539	6	0.001	0.001127
D18S51	9	0.0005	0.00253
D18S51	10	0.001	0.00253
D18S51	11	0.0029	0.00253
D18S51	12	0.0346	0.00253
D18S51	13	0.2147	0.00253
D18S51	14	0.204	0.00253
D18S51	15	0.1665	0.00253
D18S51	16	0.1217	0.00253
D18S51	17	0.0784	0.00253
D18S51	18	0.0365	0.00253
D18S51	19	0.0497	0.00253
D18S51	20	0.0375	0.00253
D18S51	21	0.0229	0.00253
D18S51	22	0.0161	0.00253
D18S51	23	0.0063	0.00253
D18S51	24	0.0049	0.00253
D18S51	25	0.0015	0.00253
D18S51	27	0.0005	0.00253
D19S433	9	0.0005	0.0017
D19S433	9.2	0.001	0.0017
D19S433	11	0.0039	0.0017
D19S433	12	0.0433	0.0017
D19S433	12.2	0.0068	0.0017
D19S433	13	0.2872	0.0017
D19S433	13.2	0.0433	0.0017
D19S433	13.3	0.0005	0.0017
D19S433	14	0.2522	0.0017
D19S433	14.2	0.1134	0.0017
D19S433	14.3	0.0005	0.0017
D19S433	15	0.0643	0.0017
D19S433	15.2	0.1315	0.0017
D19S433	16	0.0146	0.0017
D19S433	16.2	0.0307	0.0017
D19S433	17	0.001	0.0017
D19S433	17.2	0.0044	0.0017
D19S433	18.2	0.001	0.0017
D21S11	27	0.0029	0.001709
D21S11	28	0.0375	0.001709
D21S11	28.2	0.0093	0.001709
D21S11	29	0.2736	0.001709
D21S11	29.2	0.0019	0.001709
D21S11	30	0.2907	0.001709
D21S11	30.2	0.0156	0.001709
D21S11	30.3	0.0034	0.001709
D21S11	31	0.1022	0.001709
D21S11	31.2	0.0755	0.001709
D21S11	32	0.0229	0.001709
D21S11	32.2	0.1134	0.001709
D21S11	33	0.0039	0.001709
D21S11	33.2	0.0419	0.001709
D21S11	34	0.0019	0.001709
D21S11	34.1	0.0005	0.001709
D21S11	34.2	0.0024	0.001709
D21S11	35	0.0005	0.001709
D2S1338	23	0.2191	0.001526
D2S1338	19	0.1636	0.001526
D2S1338	24	0.1519	0.001526
D2S1338	20	0.1261	0.001526
D2S1338	18	0.1251	0.001526
D2S1338	25	0.0643	0.001526
D2S1338	17	0.0633	0.001526
D2S1338	22	0.0394	0.001526
D2S1338	21	0.0268	0.001526
D2S1338	26	0.0097	0.001526
D2S1338	16	0.0083	0.001526
D2S1338	27	0.0019	0.001526
D2S1338	15	0.0005	0.001526
D3S1358	11	0.0005	0.001691
D3S1358	12	0.001	0.001691
D3S1358	13	0.0005	0.001691
D3S1358	14	0.0424	0.001691
D3S1358	15	0.3598	0.001691
D3S1358	16	0.3184	0.001691
D3S1358	17	0.1977	0.001691
D3S1358	18	0.0735	0.001691
D3S1358	18.2	0.0005	0.001691
D3S1358	19	0.0058	0.001691
D5S818	7	0.0141	0.001742
D5S818	8	0.0019	0.001742
D5S818	9	0.0774	0.001742
D5S818	10	0.1787	0.001742
D5S818	11	0.3325	0.001742
D5S818	12	0.2322	0.001742
D5S818	13	0.1461	0.001742
D5S818	14	0.0151	0.001742
D5S818	15	0.0019	0.001742
D6S1043	18	0.1777	0.0006
D6S1043	13	0.1514	0.0006
D6S1043	19	0.147	0.0006
D6S1043	14	0.1392	0.0006
D6S1043	12	0.1339	0.0006
D6S1043	11	0.0871	0.0006
D6S1043	20	0.055	0.0006
D6S1043	17	0.036	0.0006
D6S1043	10	0.0326	0.0006
D6S1043	15	0.0209	0.0006
D6S1043	21	0.0088	0.0006
D6S1043	16	0.0049	0.0006
D6S1043	21.3	0.0024	0.0006
D6S1043	20.3	0.0019	0.0006
D6S1043	22	0.0005	0.0006
D6S1043	22.3	0.0005	0.0006
D7S820	11	0.3374	0.001348
D7S820	12	0.2356	0.001348
D7S820	10	0.1665	0.001348
D7S820	8	0.1558	0.001348
D7S820	9	0.054	0.001348
D7S820	13	0.0404	0.001348
D7S820	14	0.0034	0.001348
D7S820	7	0.0019	0.001348
D7S820	9.1	0.0019	0.001348
D7S820	10.1	0.001	0.001348
D7S820	15	0.001	0.001348
D7S820	11.1	0.0005	0.001348
D7S820	11.3	0.0005	0.001348
D8S1179	13	0.2113	0.002031
D8S1179	14	0.1884	0.002031
D8S1179	15	0.1845	0.002031
D8S1179	12	0.1451	0.002031
D8S1179	10	0.0983	0.002031
D8S1179	11	0.0857	0.002031
D8S1179	16	0.0672	0.002031
D8S1179	17	0.0161	0.002031
D8S1179	8	0.0015	0.002031
D8S1179	9	0.001	0.002031
D8S1179	18	0.001	0.002031
FGA	23	0.2356	0.003713
FGA	22	0.1806	0.003713
FGA	24	0.1801	0.003713
FGA	25	0.1047	0.003713
FGA	21	0.1018	0.003713
FGA	19	0.0458	0.003713
FGA	20	0.0433	0.003713
FGA	26	0.0414	0.003713
FGA	18	0.0234	0.003713
FGA	23.2	0.0127	0.003713
FGA	24.2	0.0088	0.003713
FGA	27	0.0078	0.003713
FGA	22.2	0.0044	0.003713
FGA	25.2	0.0044	0.003713
FGA	21.2	0.0029	0.003713
FGA	14	0.0005	0.003713
FGA	16	0.0005	0.003713
FGA	26.2	0.0005	0.003713
FGA	27.2	0.0005	0.003713
FGA	29	0.0005	0.003713
PentaD	9	0.3077	0.000259
PentaD	11	0.1631	0.000259
PentaD	12	0.1611	0.000259
PentaD	10	0.1349	0.000259
PentaD	13	0.1251	0.000259
PentaD	8	0.0482	0.000259
PentaD	14	0.037	0.000259
PentaD	15	0.0073	0.000259
PentaD	7	0.0063	0.000259
PentaD	6	0.0049	0.000259
PentaD	16	0.0039	0.000259
PentaD	5	0.0005	0.000259
PentaE	11	0.1095	0.00026
PentaE	12	0.1056	0.00026
PentaE	15	0.1018	0.00026
PentaE	16	0.0944	0.00026
PentaE	17	0.0891	0.00026
PentaE	14	0.0842	0.00026
PentaE	18	0.0813	0.00026
PentaE	5	0.0545	0.00026
PentaE	13	0.0516	0.00026
PentaE	19	0.0497	0.00026
PentaE	20	0.0492	0.00026
PentaE	10	0.0424	0.00026
PentaE	21	0.0316	0.00026
PentaE	22	0.0175	0.00026
PentaE	23	0.0112	0.00026
PentaE	9	0.0078	0.00026
PentaE	24	0.0058	0.00026
PentaE	8	0.0039	0.00026
PentaE	7	0.0024	0.00026
PentaE	18.4	0.0019	0.00026
PentaE	19.4	0.0015	0.00026
PentaE	25	0.001	0.00026
PentaE	26	0.0005	0.00026
PentaE	22.2	0.0005	0.00026
PentaE	13.2	0.0005	0.00026
PentaE	17.4	0.0005	0.00026
TH01	9	0.5273	0.00007
TH01	7	0.261	0.00007
TH01	6	0.0964	0.00007
TH01	8	0.0501	0.00007
TH01	9.3	0.0424	0.00007
TH01	10	0.0219	0.00007
TH01	11	0.0005	0.00007
TH01	5	0.0005	0.00007
TPOX	8	0.5161	0.00013
TPOX	11	0.298	0.00013
TPOX	9	0.13	0.00013
TPOX	12	0.0326	0.00013
TPOX	10	0.0209	0.00013
TPOX	13	0.0015	0.00013
TPOX	7	0.0005	0.00013
TPOX	15	0.0005	0.00013
vWA	14	0.2566	0.003258
vWA	17	0.242	0.003258
vWA	18	0.1991	0.003258
vWA	16	0.1835	0.003258
vWA	19	0.0847	0.003258
vWA	15	0.0243	0.003258
vWA	20	0.0078	0.003258
vWA	13	0.0015	0.003258
vWA	21	0.0005	0.003258
